13 6 19 6 19 6 19 19 19 6 19 6 7 20 24 9 6 19 25 22 16 22 11 8 22 11 11 11 22 22 5 5 7 11 23 5
18 18 12 18 15 18 10 18 18 18 18 18 10 10 10 10 10 10 3 3 19 13 13 19 3 16 22 13 8 17 25 1 4 22 13 4
8 8 17 14 6 25 6 22 15 5 6 22 24 24 4 4 4 16 14 24 7 23 16 1 8 14 3 17 6 17 6 19 13 19 5 12
8 19 19 21 21 6 6 19 19 14 6 14 17 19 14 15 22 8 22 8 1 25 14 17 8 8 13 8 8 13 8 19 4 14 8 22
17 14 8 22 8 10 19 19 17 22 6 22 6 14 21 9 19 21 8 8 17 9 11 4 8 3 17 11 11 7 14 13 19 6 6 22
9 14 14 11 3 14 14 14 6 8 17 14 14 13 6 8 16 22 3 6 8 6 20 8 13 6 19 20 13 6 17 20 20 19 13 14
16 19 12 12 3 16 16 5 19 8 14 15 3 13 22 16 15 7 12 3 3 3 17 21 13 6 19 13 19 6 6 19 6 13 6 13
6 6 6 8 6 6 11 7 7 16 17 7 22 17 6 19 14 3 19 8 8 13 17 22 13 8 8 11 11 13 22 11 1 3 8 5
16 11 4 11 6 25 16 16 16 14 8 6 22 1 14 22 22 14 3 4 22 4 11 19 11 14 3 21 3 17 21 20 22 20 22 4
6 14 19 19 19 19 13 20 8 11 11 3 11 20 7 18 4 15 19 19 13 22 14 17 15 3 14 6 19 14 13 21 6 19 6 13
17 14 19 19 6 14 16 16 5 7 12 7 3 8 12 17 8 3 16 14 22 8 8 8 1 3 8 22 13 22 6 21 22 11 11 20
19 8 19 14 19 8 17 19 3 13 14 1 15 1 11 15 22 22 6 13 6 19 16 10 8 14 14 22 4 22 20 20 13 19 13 19
6 6 19 6 19 6 7 16 2 2 17 3 6 6 13 4 17 19 21 22 13 6 19 6 17 11 20 17 14 17 11 22 22 25 25 4
1 22 2 2 21 22 22 22 17 13 6 17 11 5 5 7 12 16 9 16 9 9 9 2 6 13 6 6 6 19 8 6 19 19 17 6
13 25 21 22 22 11 25 16 4 5 15 8 24 4 22 22 6 24 17 14 22 4 17 4 6 6 14 8 21 19 14 19 21 14 17 3
9 6 6 6 6 6 16 7 7 7 7 16 22 11 11 1 17 19 3 8 22 6 6 4 7 7 24 11 11 22 1 3 4 13 8 22
4 14 13 17 8 8 1 6 8 22 17 11 19 17 22 11 16 7 13 22 17 11 22 16 19 13 20 8 19 20 19 13 8 13 6 19
17 22 22 14 14 17 3 12 7 12 12 7 16 7 2 24 16 3 17 3 16 7 1 23 17 4 8 25 6 3 25 6 6 13 14 14
19 8 6 6 8 13 21 1 7 19 19 4 22 25 25 16 4 6 6 8 22 22 22 16 16 17 15 11 11 11 17 22 17 25 13 22
7 6 19 8 17 1 6 16 1 22 3 14 25 11 17 17 16 1 2 9 18 9 24 11 13 6 13 22 14 4 6 17 19 19 6 8
6 14 6 8 8 17 7 1 4 7 3 16 19 13 6 13 14 21 4 24 17 11 21 14 13 11 11 17 6 6 6 19 6 19 6 13
4 17 17 25 10 17 3 4 22 16 22 16 17 6 13 20 20 22 25 13 4 11 17 22 9 11 16 20 6 13 22 19 4 4 21 8
5 5 5 24 5 5 5 23 5 12 5 18 14 22 16 16 19 10 2 25 11 13 16 4 22 1 9 1 15 7 12 5 4 11 7 5
5 18 3 10 10 22 10 18 12 10 11 10 4 15 7 11 17 13 19 17 15 14 14 14 22 22 22 13 8 4 25 6 6 13 13 25
10 10 10 10 10 4 10 18 18 18 18 18 24 3 24 7 12 5 22 16 16 2 12 5 11 22 1 17 11 3 4 4 14 22 22 16
10 10 16 10 5 3 10 10 10 15 7 3 3 16 7 16 7 16 6 6 25 25 19 19 13 19 13 19 19 25 8 19 13 19 14 19
18 18 5 5 9 18 12 24 5 5 5 5 11 4 20 13 4 22 20 13 20 19 20 20 21 8 20 19 20 20 12 16 16 12 12 9
7 18 18 10 12 4 18 18 10 14 3 4 16 7 11 22 10 4 8 6 8 13 10 3 6 25 13 14 7 2 20 14 8 22 21 14
11 4 17 21 22 16 14 19 13 12 18 16 4 11 16 16 16 22 11 3 7 22 22 22 1 11 4 22 13 11 10 22 6 8 22 25
5 5 5 18 16 10 10 22 11 15 11 11 21 8 8 19 13 6 22 22 20 4 13 19 22 20 13 13 13 13 13 20 22 13 13 21
5 12 12 7 9 5 3 5 5 5 7 12 8 17 21 13 14 8 1 16 16 16 2 12 7 1 10 10 12 22 3 13 13 22 1 19
22 11 5 5 2 18 7 18 5 12 5 18 7 12 18 12 12 12 15 16 7 16 22 16 16 22 25 14 22 15 4 19 8 6 13 21
14 19 6 20 7 24 7 4 14 4 14 6 12 3 12 3 22 14 4 1 10 3 4 3 19 13 21 17 6 3 13 13 6 17 21 14
4 22 17 25 20 6 4 8 19 20 6 6 1 16 16 15 11 4 10 14 19 14 15 17 16 21 22 16 4 21 24 4 13 8 16 17
11 22 8 4 8 17 22 17 13 14 16 16 11 16 15 16 16 4 17 22 22 8 4 2 22 21 20 25 19 17 13 8 13 13 6 19
12 5 5 5 5 5 18 18 18 18 23 5 12 24 4 11 4 22 8 4 1 1 11 4 4 7 7 4 25 6 6 6 21 14 6 25
19 11 3 5 16 7 8 21 16 19 21 7 5 12 11 21 7 5 17 10 14 2 2 9 6 4 11 4 4 24 11 14 1 13 25 24
5 5 5 5 5 5 18 18 5 24 5 18 18 12 2 7 12 18 16 7 18 1 18 17 1 20 13 21 22 22 7 16 4 6 22 6
5 5 5 5 5 5 5 12 5 12 5 5 4 11 11 3 3 16 13 13 6 8 6 13 4 3 3 11 4 4 15 18 18 18 5 5
5 23 5 5 5 5 14 10 4 10 4 14 6 13 14 6 21 14 19 21 14 4 8 19 21 8 8 13 22 13 19 19 6 6 8 8
10 10 16 18 4 10 10 2 10 16 18 10 18 9 15 18 18 7 13 6 8 13 21 8 8 8 21 19 8 14 19 19 19 19 13 13
22 15 2 7 22 8 3 11 4 6 8 22 7 4 12 10 8 17 21 17 10 3 23 16 5 16 17 8 1 21 5 12 4 22 3 4
22 14 11 16 15 25 1 21 16 3 4 22 19 8 6 6 25 19 6 13 20 19 25 19 13 6 25 13 19 20 6 19 19 19 25 19
22 4 11 15 22 14 13 14 14 14 19 20 6 6 25 8 13 13 20 19 6 13 13 19 19 19 19 19 8 21 19 6 21 13 25 13
18 16 10 18 18 18 18 18 18 18 24 10 5 5 5 5 7 9 10 4 19 6 6 8 16 9 25 22 11 22 5 4 20 11 11 3
11 10 18 4 2 10 14 13 10 1 4 14 16 3 18 3 22 8 16 16 13 19 6 13 17 25 25 13 4 20 6 17 25 4 17 10
16 23 7 18 12 12 18 18 10 18 18 18 22 22 23 14 11 14 10 4 4 17 22 8 10 4 10 10 10 14 13 14 14 1 16 3
11 4 10 10 10 10 17 10 4 11 10 16 15 25 22 14 6 18 15 16 11 5 8 14 19 11 13 8 22 14 13 6 17 25 16 22
14 20 10 17 22 21 14 10 10 10 18 22 7 15 7 7 3 7 17 3 4 8 22 17 1 6 8 4 14 17 22 6 19 10 17 19
4 7 16 7 9 7 16 14 24 11 17 21 1 16 18 1 16 16 13 19 8 25 19 6 8 6 13 6 25 13 19 8 6 6 8 19
18 2 11 10 23 10 10 23 18 16 2 10 14 14 1 17 3 14 13 13 6 20 19 19 20 21 20 13 19 13 22 21 6 25 20 20
3 10 18 18 18 18 16 18 18 18 18 18 5 9 23 12 16 4 16 2 7 2 16 4 21 1 9 1 22 16 1 16 7 11 1 9
5 12 5 5 18 18 5 12 5 18 18 23 5 5 5 12 5 18 8 16 1 7 5 7 13 22 19 14 11 22 21 6 22 21 13 8
16 24 10 10 15 18 18 10 10 16 14 10 7 7 7 7 7 5 17 14 15 7 4 7 17 25 16 16 11 4 6 6 6 25 21 3
15 18 18 10 4 10 5 12 5 18 18 10 17 22 3 15 22 4 13 22 13 13 11 22 19 22 21 11 14 11 19 22 9 9 12 7
4 11 7 11 11 10 4 7 7 22 6 11 6 14 14 16 14 22 4 11 17 4 4 16 6 17 14 6 19 6 19 21 17 22 25 22
18 18 5 9 5 15 5 9 5 7 11 11 11 9 9 3 2 11 21 9 16 16 3 21 8 17 17 6 19 19 8 21 17 22 13 6
10 4 10 3 2 10 10 10 10 10 10 21 4 4 24 3 10 14 14 6 20 24 6 13 11 11 11 21 20 20 8 14 11 21 8 6
22 10 16 7 16 11 9 17 22 11 11 10 1 18 12 12 11 7 10 6 4 25 14 17 25 8 19 6 21 19 20 20 6 19 19 25
16 15 18 9 16 3 4 10 10 10 14 11 4 4 11 7 7 16 13 13 17 8 22 13 19 4 17 20 22 17 6 13 4 4 11 17
12 18 5 5 5 18 5 18 5 24 5 9 10 16 9 11 23 4 11 20 10 17 3 11 17 13 6 1 25 17 25 13 19 17 21 21
5 5 5 5 5 12 18 5 5 5 5 18 14 8 2 11 25 10 18 25 2 22 4 11 3 3 16 1 24 2 12 5 7 11 7 5
10 10 16 10 10 10 5 12 5 10 10 10 4 4 23 15 10 4 14 11 22 13 24 13 13 20 17 20 11 11 19 13 9 9 9 7
4 16 17 13 17 13 4 8 8 25 8 4 25 8 16 11 13 19 4 22 25 17 13 14 24 7 6 25 6 20 25 13 9 9 19 6
10 21 10 14 4 11 14 20 10 3 16 15 14 11 4 4 11 3 8 8 19 19 19 6 16 14 8 19 19 25 5 5 12 22 6 6
4 11 3 2 18 16 14 4 1 16 7 3 22 4 22 4 1 2 25 21 21 13 8 6 8 8 19 6 19 20 21 19 19 17 8 7
11 4 7 11 1 25 11 1 24 22 1 14 4 1 4 1 16 1 6 13 25 13 13 19 19 19 22 17 19 22 20 13 19 8 19 13
16 10 18 18 18 10 18 21 10 10 10 10 9 9 9 12 7 7 18 15 16 11 5 16 8 20 21 21 1 6 8 14 4 4 4 6
10 10 10 4 8 10 12 5 16 18 18 15 16 4 4 4 3 4 19 17 17 17 21 13 13 6 10 13 13 25 14 21 8 13 17 19
1 17 13 13 17 17 3 12 2 7 15 9 20 13 19 19 19 20 13 13 19 13 19 6 8 19 6 13 8 13 22 22 13 3 11 22
25 8 8 8 17 4 15 9 7 7 7 7 3 10 12 18 3 3 6 16 16 19 8 19 21 19 19 21 13 13 19 6 19 19 19 6
22 25 2 7 3 22 10 3 18 12 5 18 1 10 16 14 22 11 25 25 13 25 4 1 25 13 25 25 19 1 22 6 25 8 25 13
3 4 4 22 3 3 11 15 15 15 15 15 4 1 3 10 10 13 3 6 19 8 1 9 11 1 16 16 4 14 15 10 18 18 18 23
1 11 1 6 4 10 18 12 18 18 18 5 4 11 4 7 16 7 14 4 14 10 22 4 25 3 8 14 4 25 8 4 14 8 17 6
20 10 5 3 1 11 5 12 12 5 5 12 4 7 16 3 7 18 13 14 14 4 22 16 6 19 6 1 11 16 11 7 16 10 13 18
16 10 4 1 18 16 9 18 15 2 18 24 11 4 22 22 17 13 6 3 7 3 17 12 11 16 3 14 22 4 20 13 6 13 13 19
16 12 17 7 5 15 4 23 5 16 12 7 11 16 16 18 16 22 20 11 10 16 17 21 23 3 23 7 16 7 22 8 17 13 19 1
12 7 1 7 16 11 7 7 25 16 1 14 13 24 3 4 16 10 1 1 16 16 4 14 7 16 7 24 2 16 24 7 24 24 7 7
7 21 8 8 14 10 18 11 18 10 18 18 18 10 10 10 18 18 25 4 14 6 14 15 1 7 6 6 13 19 8 1 16 19 6 19
15 18 12 10 4 3 1 10 18 24 7 5 15 7 7 7 18 23 23 13 19 21 8 21 23 22 13 13 6 6 23 13 8 6 13 8
3 17 13 6 6 22 5 5 23 5 5 12 5 5 12 12 12 12 7 16 12 5 12 7 8 21 22 19 19 17 25 19 8 8 6 6
21 13 17 25 17 14 2 5 7 12 7 5 17 6 5 16 16 4 19 8 12 14 16 19 6 11 1 3 8 6 10 24 25 8 19 19
19 13 4 10 17 17 10 18 18 18 24 18 4 8 8 22 22 21 6 6 6 19 19 13 8 19 6 19 19 19 19 17 6 19 6 6
10 17 10 3 16 10 11 12 12 1 7 11 21 6 7 12 7 17 4 8 8 22 9 3 16 22 8 16 14 8 13 6 22 8 8 25
3 16 11 22 4 14 15 14 11 11 15 14 2 16 16 5 7 22 17 25 4 11 4 11 16 1 7 7 7 7 22 1 9 1 15 10
6 19 6 6 6 8 17 7 17 8 22 7 23 7 12 23 2 16 13 10 17 6 13 17 5 5 5 24 5 24 25 22 7 7 5 5
12 16 7 7 22 16 9 11 9 16 7 14 1 12 3 2 1 22 13 17 6 7 12 16 14 17 16 24 24 3 6 25 13 25 25 20
15 5 5 4 17 5 16 5 5 7 1 8 10 5 5 5 17 13 14 15 12 16 8 13 17 15 7 23 11 25 4 4 16 24 7 14
8 17 17 11 10 3 5 16 2 2 15 7 21 22 11 23 4 7 13 19 19 6 19 19 6 19 6 6 19 6 19 6 6 6 6 19
14 6 8 6 14 13 21 10 4 4 4 24 5 16 16 22 21 16 25 8 6 6 13 17 13 19 22 8 13 14 8 8 8 19 6 6
4 7 4 16 11 2 5 5 23 5 5 5 16 16 4 2 24 23 2 10 7 18 1 19 16 7 16 18 18 18 18 12 15 18 24 16
10 4 17 10 21 22 7 18 18 7 11 14 20 20 17 16 11 20 9 24 7 23 23 16 19 6 6 6 6 19 6 13 19 13 19 6
4 20 7 4 17 4 23 16 2 18 18 18 7 9 9 1 2 7 8 8 6 6 8 8 21 14 21 21 4 14 16 16 7 7 16 16
17 17 17 17 21 17 4 13 14 22 21 22 19 6 13 6 20 25 6 19 6 13 6 13 6 6 6 6 17 13 13 13 8 19 17 19
10 11 18 18 18 18 9 9 7 9 15 15 23 3 8 13 1 25 8 19 6 6 24 12 22 11 16 1 4 22 4 4 4 4 24 11
12 9 5 5 5 24 3 10 22 2 14 15 3 11 20 3 21 17 3 14 17 13 6 22 23 15 21 17 14 13 17 8 1 22 16 5
8 6 22 17 19 6 19 19 19 19 19 6 15 6 9 4 16 4 3 14 22 20 22 14 22 13 22 22 13 6 6 19 14 13 6 4
17 14 4 14 6 8 11 22 4 8 8 4 14 8 22 13 22 4 19 19 13 19 13 20 13 19 13 13 13 19 13 13 20 6 13 19
1 3 16 7 7 7 21 17 21 11 24 8 6 22 22 22 21 22 6 6 19 19 19 19 19 8 21 19 6 14 13 22 3 8 6 8
14 16 12 12 22 21 5 22 5 5 5 5 16 22 22 17 25 19 14 11 10 17 19 17 14 17 19 8 13 19 19 6 14 17 8 6
6 6 6 6 14 6 6 19 6 8 19 6 13 8 6 19 6 19 19 13 6 19 6 16 4 9 22 21 3 4 14 22 13 8 13 25
17 22 21 4 17 22 19 6 22 8 13 6 19 17 4 17 19 19 4 6 8 9 6 20 19 8 21 21 19 6 8 21 21 1 19 8
13 13 21 6 22 22 19 6 6 19 7 16 6 19 6 19 19 6 14 21 19 19 6 8 13 20 19 19 20 20 11 21 22 14 20 22
8 13 19 25 4 1 25 25 4 25 4 6 17 11 16 1 11 4 14 14 7 12 17 4 20 13 11 25 13 6 13 6 4 25 19 25
8 13 19 19 21 19 13 19 19 17 6 19 24 9 6 6 6 6 20 16 7 13 17 25 6 6 6 8 6 19 19 6 6 6 6 19
4 4 10 10 10 14 8 10 17 10 7 7 1 9 7 4 5 7 21 6 13 17 6 25 8 14 22 6 19 13 22 6 19 19 14 19
11 4 6 20 6 17 3 7 22 1 3 16 2 12 12 7 7 4 1 16 16 23 3 16 9 1 4 12 21 13 8 16 13 6 25 8
10 10 18 10 18 18 10 10 18 10 15 10 10 10 18 18 18 18 24 17 10 10 24 18 12 24 18 12 5 18 7 12 9 1 1 4
10 10 10 10 4 10 11 8 20 20 4 25 13 20 19 19 19 20 20 19 22 16 12 22 7 7 4 11 16 22 18 9 16 18 9 10
10 4 7 12 15 4 16 2 21 16 7 24 18 4 8 3 20 22 11 4 8 16 12 23 23 10 4 12 7 4 1 22 3 17 22 13
7 12 7 4 14 3 19 1 11 22 12 4 7 22 13 13 9 3 6 5 5 14 19 19 22 25 7 17 6 20 8 8 6 13 25 19
8 14 19 22 8 25 19 14 13 19 13 6 19 13 19 20 6 21 14 8 11 11 6 17 19 6 6 6 17 19 8 13 19 19 8 17
18 16 7 16 4 11 3 1 11 11 24 24 13 8 11 11 3 3 14 7 8 10 3 10 13 25 8 14 17 14 6 6 19 13 6 6
16 22 4 3 12 9 16 12 11 4 18 4 14 9 10 21 22 7 19 19 20 5 5 22 19 20 6 7 25 8 19 19 8 25 25 8
5 10 10 10 18 15 5 5 5 12 12 22 11 10 3 15 3 1 6 17 22 17 10 14 6 6 19 4 14 17 14 17 4 17 10 17
24 16 17 3 23 7 14 11 22 22 4 13 17 6 6 17 13 8 15 16 17 23 10 10 8 16 18 16 4 21 8 8 13 6 6 6
22 19 4 22 1 14 16 9 16 7 3 4 8 25 11 4 13 20 19 13 6 8 16 16 12 5 12 12 16 6 10 4 17 7 19 4
4 4 7 11 10 10 10 14 4 10 1 7 18 10 10 11 16 11 7 7 11 14 17 4 8 11 11 22 22 6 8 6 6 19 25 4
7 1 16 3 10 10 15 3 10 23 10 18 2 7 5 16 5 18 5 24 3 22 1 24 10 19 9 13 13 8 8 4 8 8 4 8
10 4 10 7 4 16 7 5 12 12 17 17 2 16 25 17 22 3 1 22 22 11 1 3 8 14 10 14 6 21 4 3 10 3 17 8
21 10 6 8 8 17 10 24 10 10 15 10 5 7 7 16 7 11 22 21 17 8 19 21 6 6 6 19 6 6 6 19 6 6 19 19
3 3 10 24 7 10 3 4 22 7 3 1 7 16 22 16 11 16 24 7 3 3 22 25 16 3 11 16 4 17 8 8 6 25 6 19
12 8 4 11 12 5 10 5 5 7 5 12 5 5 5 5 5 16 4 11 22 4 16 23 14 22 22 22 22 8 16 17 22 21 22 21
3 18 18 18 18 1 18 18 5 5 5 12 3 7 23 4 3 11 8 19 8 6 19 19 21 6 6 14 25 8 17 14 4 17 17 22
4 7 2 9 7 12 5 11 4 12 1 10 5 12 5 16 3 5 5 7 7 12 12 12 6 22 4 22 14 7 3 1 1 16 17 6
10 10 10 21 19 17 16 10 10 10 10 10 3 12 2 3 7 7 3 4 23 4 22 22 21 21 12 3 8 19 8 17 3 3 22 6
5 5 16 2 5 5 5 5 5 5 5 5 19 8 14 22 6 19 13 21 19 19 13 6 13 21 6 13 6 19 3 14 13 20 21 13
7 16 16 7 4 11 8 10 4 4 24 4 7 7 7 24 7 12 22 11 12 5 7 4 11 10 25 6 20 4 22 19 22 16 4 16
16 10 18 18 10 10 18 18 18 18 12 11 5 10 10 24 24 10 16 9 18 15 4 16 10 10 17 10 13 10 13 25 19 6 13 10
15 18 18 10 18 18 18 24 18 18 18 18 18 15 18 2 18 23 7 9 11 11 23 17 17 22 19 13 13 21 20 19 20 8 1 16
4 14 17 21 3 4 12 14 14 19 19 19 7 24 21 6 17 4 22 4 4 11 16 11 24 23 22 1 16 2 12 14 22 11 22 14
17 22 4 17 13 21 4 25 17 17 17 8 13 17 15 15 13 8 2 1 3 21 22 21 17 25 7 12 21 17 23 10 17 13 14 17
12 1 12 23 4 22 7 7 4 16 3 11 3 4 1 7 9 25 19 13 13 19 6 13 6 13 19 6 6 8 21 19 19 8 6 6
17 14 19 19 17 14 4 13 19 22 13 6 18 11 11 14 24 4 6 8 3 6 4 6 6 8 19 8 2 24 8 6 6 6 6 8
1 14 21 22 13 17 3 17 22 16 10 22 1 1 3 3 4 11 13 13 17 6 13 8 8 13 13 8 13 19 13 8 13 8 13 13
20 10 16 23 4 10 10 18 18 18 15 10 4 10 10 1 10 4 6 19 19 6 19 6 6 13 13 19 6 13 6 25 9 11 11 7
21 13 21 20 8 22 6 21 21 21 4 21 21 7 7 7 16 2 16 15 1 22 13 21 22 7 9 7 9 19 16 9 7 10 1 6
25 11 22 8 10 17 21 25 2 4 22 4 15 15 16 14 11 4 19 16 9 9 15 8 13 21 13 19 18 13 19 6 17 16 14 25
10 24 24 11 24 7 10 10 18 5 5 15 24 10 10 10 18 7 11 4 3 1 4 14 4 4 6 3 25 6 8 8 8 6 25 7
4 16 18 4 6 10 16 11 9 14 17 17 8 8 13 3 21 11 8 22 1 11 3 1 11 1 1 5 14 8 4 4 4 25 25 1
6 14 22 18 16 4 9 7 16 16 9 1 13 14 18 22 3 3 21 7 7 14 3 22 19 19 6 6 7 4 19 13 6 6 19 25
4 6 8 8 8 4 11 19 6 19 8 8 4 25 6 6 13 22 13 8 25 6 4 22 25 25 19 25 25 20 8 4 4 25 4 13
10 10 10 23 18 10 24 24 1 7 5 7 12 16 16 7 4 1 11 11 5 10 22 10 24 1 14 21 22 10 7 4 10 24 24 10
10 10 4 10 3 10 17 10 16 10 3 10 2 22 4 4 22 14 25 15 22 8 1 22 20 13 17 25 20 11 8 22 22 11 21 6
22 22 14 10 4 4 15 9 5 2 12 7 5 11 22 4 23 22 14 22 25 8 19 11 13 19 20 19 13 1 19 6 19 25 13 8
16 3 1 7 4 11 4 16 7 16 22 4 21 22 16 3 4 11 6 1 14 4 19 20 19 22 22 16 1 6 13 14 21 21 7 22
22 4 4 15 1 16 17 16 18 18 16 21 22 21 11 8 6 17 4 4 16 16 11 7 11 16 16 1 18 7 21 22 7 12 1 5
10 10 9 4 1 4 4 16 22 4 4 22 13 21 17 6 21 21 6 6 19 19 10 5 22 7 4 4 19 7 16 11 11 13 8 16
16 14 11 2 7 13 11 7 17 4 7 16 3 4 11 11 11 3 21 21 11 3 7 5 22 17 22 21 21 17 14 25 25 6 22 19
9 1 11 22 16 3 9 17 11 16 2 14 7 10 9 9 7 5 20 19 22 20 21 20 13 6 25 13 6 19 6 19 13 19 8 13
4 25 10 4 21 16 4 8 8 22 7 22 4 9 4 4 4 14 10 18 1 4 13 4 11 22 23 24 25 13 10 22 4 22 13 11
4 9 1 16 7 7 8 9 14 21 17 8 21 20 9 11 3 14 13 22 7 7 7 7 11 4 4 6 14 4 17 16 15 11 25 6
9 5 5 2 7 5 14 14 20 22 22 4 15 1 15 24 10 20 13 6 19 19 19 13 22 17 4 6 19 19 19 19 13 6 6 13
10 18 5 5 5 5 10 11 7 7 9 9 16 14 14 19 4 4 3 22 8 19 8 22 22 22 8 6 8 17 17 22 1 25 21 22
20 22 14 16 16 22 8 21 4 22 19 22 6 8 13 22 4 16 14 20 13 14 17 13 14 6 8 6 13 13 8 14 17 19 13 8
16 1 10 2 15 2 3 16 14 18 16 18 13 4 6 3 3 16 14 6 13 6 17 17 19 8 13 22 14 17 13 13 25 13 20 13
5 16 18 2 5 1 9 16 16 16 7 25 6 19 25 24 14 14 19 22 22 19 8 6 8 19 19 19 6 19 13 14 19 19 6 6
8 1 22 4 4 8 18 22 21 11 3 1 14 9 1 16 11 11 16 22 19 6 19 13 13 21 19 13 20 6 25 19 6 8 8 19
18 18 18 18 16 3 2 18 18 4 10 4 5 10 10 3 16 10 7 16 7 14 4 11 20 6 16 14 3 14 13 20 20 17 22 10
6 17 6 13 13 21 5 22 3 11 4 25 4 11 9 1 5 5 15 9 2 16 15 15 8 4 2 16 5 16 19 13 11 9 6 17
18 9 18 18 18 18 18 18 18 18 7 7 5 12 15 18 16 10 14 13 13 17 2 11 1 24 22 14 18 16 15 19 6 6 8 17
10 14 10 10 20 10 4 15 18 10 15 7 22 13 11 5 4 13 3 4 4 16 4 14 4 16 11 13 25 17 6 8 6 19 13 19
3 12 12 9 5 22 17 17 22 22 19 8 25 8 22 25 6 22 20 13 19 13 25 19 6 22 14 17 22 4 19 6 6 10 22 14
10 18 5 18 10 10 3 16 1 1 7 11 11 24 5 9 15 15 4 3 7 16 10 10 10 17 6 10 25 4 19 13 19 19 13 19
18 18 18 18 12 12 10 12 22 7 18 11 7 3 4 17 25 22 17 19 19 10 17 11 4 17 9 21 14 14 6 13 25 25 25 10
18 18 18 18 18 10 18 18 18 18 18 18 18 18 18 18 18 7 12 5 5 5 7 7 23 4 1 1 4 11 7 18 12 23 10 10
16 10 10 2 17 18 10 24 16 18 18 18 7 11 9 7 7 16 24 4 4 4 22 21 6 21 20 14 20 25 6 6 21 14 7 4
4 10 3 18 18 18 7 22 11 14 16 3 10 17 6 8 21 19 11 11 10 22 22 13 14 11 11 11 6 13 20 19 11 14 11 14
14 10 18 2 16 10 10 10 18 18 23 10 9 16 12 10 3 16 25 14 9 16 14 4 16 1 10 21 8 7 10 14 1 18 17 10
10 10 18 18 18 10 10 23 18 18 3 7 22 22 4 21 6 22 8 19 19 13 8 19 6 6 6 19 19 19 17 19 19 19 19 25
5 7 7 7 7 7 18 1 7 7 5 5 4 3 18 4 11 3 25 13 20 13 19 13 13 13 6 6 25 1 6 8 8 16 5 5
7 7 7 16 7 7 16 17 17 4 7 14 16 11 10 22 17 16 16 16 15 18 9 16 6 17 17 6 21 3 1 10 2 1 2 10
22 22 14 14 10 17 14 14 9 7 11 17 19 13 15 4 13 8 8 6 14 25 14 14 2 2 16 7 2 16 5 5 2 21 13 20
15 10 7 10 3 8 24 1 10 25 10 22 10 10 17 10 4 4 21 17 21 21 25 25 21 8 3 3 21 17 3 1 16 22 6 8
10 18 10 10 15 10 3 4 11 22 20 8 16 11 14 22 20 8 19 17 8 4 4 8 21 6 13 13 17 17 6 19 20 6 13 8
10 11 18 9 15 15 11 10 16 23 2 18 3 10 10 11 18 24 9 23 9 9 9 5 17 17 8 7 7 18 4 12 16 23 17 23
3 3 3 9 11 13 2 16 16 18 15 9 4 10 10 10 10 10 9 2 7 9 7 11 20 13 17 13 14 17 17 14 14 22 22 17
5 5 5 5 5 18 2 3 12 21 22 4 6 19 8 21 21 21 13 20 13 22 19 19 13 8 22 18 16 10 19 22 24 18 18 18
12 18 18 12 12 16 18 18 10 18 18 3 10 10 16 16 2 5 24 10 14 20 2 16 1 10 10 25 16 3 21 1 8 19 8 4
5 12 18 10 16 17 18 22 4 6 8 17 3 21 17 14 3 22 8 6 13 25 10 17 12 23 7 7 14 4 16 22 17 19 13 21
18 5 16 16 24 7 13 20 21 19 13 13 13 13 13 13 25 13 19 4 19 25 13 19 10 7 23 4 19 8 19 12 7 16 7 22
11 7 7 1 23 7 9 9 7 7 9 9 14 14 17 10 16 14 6 19 6 8 19 6 19 19 8 19 19 6 19 6 17 6 3 6
16 16 24 2 18 18 10 18 11 4 18 10 16 16 7 7 16 1 25 8 6 17 21 13 19 13 6 6 19 8 17 25 13 6 19 13
7 5 24 7 14 9 22 4 22 4 24 13 22 22 24 14 14 13 22 1 4 1 7 7 13 19 17 13 13 25 22 21 22 21 14 21
10 10 24 10 16 18 11 4 7 10 4 16 11 1 1 10 3 9 11 4 7 17 4 4 4 10 10 10 11 10 1 4 7 16 23 3
8 6 19 21 3 6 13 13 13 13 6 3 8 13 8 22 8 12 14 17 7 4 7 7 13 20 13 20 13 19 14 19 6 6 8 13
8 22 8 10 4 17 14 9 19 9 11 22 16 4 3 3 22 7 8 14 14 17 19 6 14 11 20 17 14 11 4 10 14 17 6 17
5 6 14 19 14 6 1 16 4 22 22 16 11 8 4 16 3 9 11 7 9 16 3 19 3 25 13 19 19 19 22 1 3 25 19 13
22 21 16 7 20 2 11 2 15 9 15 9 14 21 4 16 23 3 5 16 17 6 6 8 22 16 5 19 19 19 22 8 6 13 19 13
20 17 22 14 22 3 17 11 13 4 1 11 14 22 22 7 17 22 19 19 13 8 8 13 14 6 6 17 13 22 10 11 8 13 17 8
8 13 8 8 21 17 14 13 6 13 21 19 25 25 22 13 13 17 19 14 19 13 6 20 19 21 13 19 19 6 20 9 11 20 22 21
6 6 8 19 8 21 3 6 14 17 25 17 22 4 4 22 22 14 4 25 25 13 22 17 13 14 20 19 6 6 8 22 10 6 17 13
21 16 14 4 13 6 4 16 23 4 17 14 17 16 16 10 17 17 11 23 9 16 18 13 22 17 7 1 1 22 16 1 14 4 6 8
22 19 17 4 3 13 22 8 13 19 22 14 15 21 4 24 22 1 15 24 7 14 13 8 6 6 6 1 14 13 19 6 13 13 8 25
17 3 13 22 17 13 21 14 16 14 13 17 22 21 3 7 3 22 11 15 1 3 7 22 21 19 13 13 13 13 6 13 6 17 6 13
16 7 10 10 10 12 22 17 4 4 21 16 25 22 17 8 10 22 4 7 18 16 7 1 6 6 1 16 1 19 19 13 6 13 19 13
8 17 22 3 2 12 17 21 17 25 22 25 4 2 18 2 4 3 7 11 17 14 17 1 22 21 16 20 13 6 21 20 4 2 17 20
5 5 5 5 23 23 5 5 12 12 24 9 21 22 22 17 21 4 13 6 6 19 22 14 19 21 19 21 17 22 19 19 13 19 19 13
22 22 22 3 11 22 4 4 17 14 22 21 13 6 19 20 19 13 6 19 6 13 13 6 6 6 13 6 6 6 8 13 19 17 22 19
6 19 21 6 19 6 19 19 6 19 19 19 19 13 6 19 6 6 19 2 19 8 19 1 13 20 19 6 19 8 6 3 3 3 3 16
17 14 4 21 14 9 14 25 19 6 6 21 22 17 4 14 13 17 20 22 14 1 22 8 19 8 19 6 6 6 19 13 13 1 4 22
14 4 4 17 4 4 14 7 16 17 7 16 22 7 15 19 16 17 3 16 22 13 25 11 19 21 21 3 13 3 8 17 3 3 22 22
10 10 13 10 14 14 13 17 14 8 10 10 10 4 10 4 17 17 10 14 10 12 12 1 22 11 17 17 15 16 22 13 4 22 14 22
6 6 17 17 4 8 17 6 13 23 8 8 4 2 17 8 8 22 4 22 17 1 4 23 6 17 19 8 6 8 6 6 6 6 6 6
7 2 21 1 14 18 14 11 22 3 2 22 5 1 24 11 10 14 5 7 7 11 4 17 7 1 1 7 11 4 18 22 12 5 18 18
19 6 13 19 14 19 16 22 14 17 13 17 22 19 13 13 9 17 19 19 6 8 9 13 13 6 14 22 20 20 13 9 11 11 11 16
1 18 4 16 18 18 18 18 16 2 5 5 5 2 5 5 5 5 15 2 16 17 1 7 11 16 4 4 1 11 4 14 22 14 14 14
17 19 13 19 6 15 6 21 13 13 8 5 22 14 17 14 14 7 13 17 19 22 14 22 6 6 6 6 13 4 19 13 14 25 6 13
19 3 7 11 22 9 19 14 11 13 16 22 7 21 4 1 21 20 3 15 7 15 14 25 22 12 16 9 17 22 8 6 6 13 7 9
17 8 17 13 6 16 21 14 23 4 6 13 4 8 14 25 17 17 19 8 13 13 19 13 20 25 13 6 24 13 21 17 6 25 22 17
7 5 5 5 5 5 18 5 5 12 12 5 21 22 22 11 22 22 13 13 6 13 19 13 13 6 19 21 21 4 13 19 19 6 13 22
5 5 5 5 5 5 16 12 9 7 9 12 11 11 18 16 16 18 9 10 11 4 22 11 1 17 20 7 3 8 6 13 6 17 19 13
1 14 10 10 22 16 11 7 1 11 11 10 1 19 8 10 22 4 7 1 16 10 11 4 8 19 8 4 13 22 6 13 22 21 13 14
18 18 18 5 12 5 18 18 18 18 2 16 11 1 11 1 11 11 8 17 6 25 17 19 11 21 21 17 2 3 16 16 7 7 2 16
2 16 16 11 18 7 7 7 5 16 5 5 23 19 17 22 11 22 23 22 4 21 22 17 13 19 13 19 13 8 9 22 7 7 7 12
5 5 5 5 5 5 12 12 12 12 5 12 1 3 1 4 18 16 11 17 15 2 12 16 16 23 5 18 16 3 7 18 10 10 1 18
10 14 16 4 10 10 6 6 22 21 21 14 13 8 6 13 25 17 19 6 6 19 13 13 13 6 21 19 19 17 6 8 4 22 3 22
15 23 5 5 7 23 23 11 11 16 16 7 9 11 21 4 3 1 8 17 22 17 14 22 20 20 6 13 22 8 4 11 1 19 4 3
5 5 5 5 5 12 16 7 7 5 5 5 6 17 17 23 1 16 16 8 17 14 8 21 21 22 13 20 8 22 13 22 20 13 19 19
5 5 7 5 5 7 23 4 10 16 11 10 16 16 7 8 21 6 4 11 1 21 19 6 22 16 11 19 14 1 8 8 8 25 8 4
7 7 5 5 5 5 4 4 18 5 18 18 4 16 10 18 3 10 12 10 1 6 6 19 15 1 7 19 13 8 3 17 17 22 22 8
12 24 7 5 5 24 10 3 1 10 10 10 10 11 10 10 10 10 10 10 10 10 4 24 12 7 7 1 21 14 19 21 19 19 19 17
12 7 7 7 7 4 12 15 20 9 9 16 15 4 16 1 22 22 2 2 22 22 8 13 1 3 11 22 13 19 22 21 16 7 5 3
20 17 19 8 6 13 9 16 16 5 16 5 17 21 8 11 25 25 17 21 8 21 19 19 17 22 22 22 14 20 19 1 13 22 20 21
19 13 19 17 15 14 5 22 22 14 6 13 11 11 4 22 11 11 14 20 14 25 13 14 20 22 11 22 20 20 22 21 16 22 13 13
15 14 13 14 13 25 8 19 6 6 17 14 1 16 20 22 22 22 13 20 8 20 14 6 13 14 13 6 19 19 13 8 13 6 19 6
19 13 19 19 6 6 13 6 5 7 7 7 14 11 11 4 20 1 16 9 9 4 4 4 19 3 20 17 19 6 4 22 14 19 19 25
19 13 6 25 6 25 13 25 25 8 6 19 16 25 25 25 11 15 25 13 8 25 11 1 19 21 21 13 21 20 13 19 19 19 19 19
19 19 19 6 13 25 19 21 4 14 17 17 9 14 25 11 16 14 4 6 14 6 20 17 6 21 19 8 19 6 13 21 19 21 6 6
18 18 18 18 9 18 23 18 18 18 18 18 5 5 16 18 9 22 12 5 16 12 5 7 19 8 10 21 21 10 10 17 25 10 4 10
14 11 13 17 4 19 6 19 22 17 22 13 6 19 11 16 16 14 3 4 11 22 4 19 22 11 22 1 3 19 25 6 22 12 3 13
4 8 17 6 10 10 14 1 10 13 10 13 1 22 17 4 8 7 7 7 11 14 22 1 17 13 22 11 9 14 14 17 21 14 13 14
10 17 19 14 25 21 13 19 17 21 13 21 10 13 7 16 16 11 13 21 13 13 14 8 8 8 21 22 7 14 25 3 14 6 21 14
21 8 14 13 14 4 19 6 6 19 6 8 6 6 6 19 6 6 3 22 14 11 11 4 6 13 19 6 6 6 8 6 6 6 6 6
22 4 4 10 4 24 11 17 10 14 4 1 16 7 7 7 12 12 16 3 14 7 7 3 14 22 7 11 11 15 21 13 14 6 6 6
17 17 17 17 19 14 3 10 17 8 17 17 3 13 6 6 13 13 17 11 20 19 19 17 19 21 8 13 19 19 6 20 6 13 19 6
17 14 21 10 19 8 10 8 10 13 10 1 19 13 6 6 6 20 11 9 15 3 18 4 10 11 1 1 24 16 7 4 24 11 4 7
13 19 6 4 25 6 14 14 21 4 14 17 11 16 16 9 11 17 22 22 17 1 17 17 19 19 13 23 17 19 17 6 6 8 8 19
6 8 22 14 14 4 11 24 1 7 11 22 21 4 22 24 10 21 10 8 17 10 20 22 25 8 14 10 13 22 4 21 10 18 24 18
22 22 1 10 10 10 25 22 16 16 1 1 4 4 4 10 11 1 4 8 25 15 14 14 7 10 8 13 4 6 22 4 4 25 6 11
22 8 25 14 22 11 13 25 20 13 4 25 25 17 4 13 11 14 12 7 9 7 24 11 4 4 6 16 4 16 24 5 12 1 4 7
19 16 11 4 11 10 22 17 4 16 10 10 14 22 2 11 20 13 4 17 4 22 10 14 22 13 14 22 6 6 22 21 22 13 13 13
10 10 1 22 4 10 25 13 14 25 25 4 17 14 6 11 14 25 11 16 12 5 9 9 6 22 4 11 1 11 6 13 14 10 20 3
17 19 19 19 6 14 25 6 13 6 19 9 6 19 8 5 7 5 17 13 19 13 8 19 6 14 13 19 25 8 8 17 19 13 14 6
25 19 19 6 19 7 14 17 14 22 23 20 22 21 14 13 25 8 25 22 13 14 4 14 10 4 22 16 22 4 20 19 19 19 19 8
10 25 20 4 14 1 8 4 14 10 1 18 10 14 10 10 10 10 14 11 14 14 4 10 24 25 4 13 19 6 8 17 21 19 6 13
11 16 10 14 4 4 23 22 3 22 22 4 22 25 3 10 1 13 22 8 22 11 4 4 14 4 22 3 22 1 21 3 8 8 4 22
19 19 8 21 19 8 15 15 16 3 2 16 8 22 21 22 10 13 6 19 6 13 13 10 14 6 19 8 6 16 6 19 6 6 6 3
18 16 2 18 18 18 10 10 10 11 10 4 10 10 10 14 10 10 7 12 24 10 10 3 23 11 4 24 16 16 20 8 19 19 13 8
16 3 10 16 23 10 4 1 17 4 11 10 10 21 8 12 5 7 16 9 7 7 11 4 5 5 23 12 2 16 4 22 21 3 7 1
2 5 5 5 5 5 5 5 12 5 5 18 1 5 8 11 5 11 2 22 8 19 20 14 21 4 22 22 15 21 8 8 4 15 21 4
10 21 10 18 10 18 10 10 10 18 10 18 10 11 10 16 16 2 14 19 6 15 6 13 6 19 13 6 17 13 1 19 6 14 17 6
