6 20 20 8 20 8 4 7 6 20 20 6 20 10 14 7 16 13 7 15 16 23 17 12 13 24 5 15 10 24 6 6 13 20 18 2
11 15 5 5 5 21 21 12 2 2 2 20 12 15 2 2 2 15 21 1 22 12 25 5 24 21 20 24 5 15 16 12 12 11 12 16
16 14 21 16 23 21 16 16 7 16 7 10 6 18 2 20 8 13 8 23 24 12 16 21 4 21 3 13 16 20 10 16 6 18 10 21
1 3 1 6 3 6 2 16 17 23 17 10 4 10 6 7 14 4 23 10 7 16 4 17 8 16 7 16 7 18 10 6 20 5 18 18
11 8 16 11 20 24 20 20 20 20 20 11 2 6 8 6 7 8 16 23 8 8 7 4 21 15 3 6 21 7 16 6 20 16 17 20
24 4 15 21 15 4 5 11 10 10 7 5 10 17 16 14 15 6 7 7 19 15 15 14 6 21 13 12 14 15 7 7 20 17 18 7
11 24 14 21 10 3 2 20 10 7 10 23 14 20 20 16 21 15 2 20 20 6 14 15 21 5 2 15 15 8 14 1 13 6 1 12
7 7 6 21 4 7 15 23 21 23 21 16 8 6 7 7 7 16 15 15 16 4 13 13 8 15 4 10 13 8 24 11 2 2 15 13
23 10 16 7 17 16 23 10 21 21 10 16 23 7 7 7 7 10 7 16 6 20 7 16 15 12 16 4 7 7 4 21 15 20 8 16
20 20 20 20 11 7 2 14 20 2 20 20 14 6 4 14 7 12 14 6 14 6 8 21 14 16 15 15 15 21 6 13 11 20 8 11
22 20 5 18 5 20 7 21 8 18 18 23 14 4 20 16 16 16 7 21 8 6 2 6 7 19 16 8 16 16 6 2 6 6 1 6
2 25 6 16 7 20 8 14 14 7 11 10 23 21 7 21 21 14 18 14 10 14 15 15 15 7 21 10 7 15 10 21 15 21 15 15
24 8 21 4 4 7 7 1 8 20 4 20 2 20 15 4 6 12 15 21 10 21 6 16 15 20 21 7 23 23 13 15 15 16 14 16
20 13 24 24 22 5 20 16 16 8 11 13 24 15 21 13 21 7 7 11 11 23 21 8 14 21 14 4 21 7 8 23 4 10 21 16
22 2 21 20 5 5 21 11 14 20 5 5 6 10 7 14 7 19 1 20 8 15 11 12 21 23 17 8 16 11 10 17 10 10 21 2
23 23 16 11 23 2 10 10 18 21 23 7 21 10 11 21 10 10 15 12 22 22 14 13 15 14 21 14 10 6 13 15 20 20 21 6
23 21 16 2 16 23 7 12 20 20 16 8 20 13 21 13 18 20 20 13 24 24 24 24 6 9 24 12 24 24 6 24 24 1 12 15
16 6 13 13 19 8 13 7 16 8 19 18 23 23 23 10 18 7 13 15 11 13 5 23 8 8 13 21 16 23 10 17 19 19 6 6
25 22 9 5 13 16 18 21 7 10 10 16 4 10 7 21 21 23 7 15 16 10 15 17 10 4 23 10 21 16 23 14 23 10 14 10
20 12 6 6 7 10 15 20 12 14 15 10 21 21 2 14 21 14 10 10 13 21 11 16 17 17 23 10 21 7 17 17 17 10 10 17
23 10 10 18 7 8 10 10 23 17 10 17 10 16 10 17 14 10 21 2 15 15 16 2 15 24 18 16 16 23 15 13 10 11 21 10
9 5 24 5 5 3 21 12 16 20 21 2 18 15 15 11 21 21 16 16 16 15 2 7 20 23 11 21 11 21 25 5 3 3 13 13
15 7 17 10 10 10 14 4 14 10 23 23 10 21 16 14 10 14 10 10 10 14 21 10 16 10 4 16 23 16 14 10 20 7 21 21
15 19 13 16 21 13 2 10 23 10 10 10 8 2 8 8 6 14 6 4 11 16 15 17 2 11 23 21 8 10 21 16 8 21 15 18
19 19 20 9 9 13 13 5 9 6 12 19 24 21 16 7 7 3 13 1 11 16 16 16 1 15 3 8 7 13 13 14 2 15 7 20
9 25 13 12 10 16 25 12 1 5 24 25 22 22 1 2 1 24 13 22 25 5 22 5 21 20 12 5 12 15 20 16 11 8 1 8
9 3 24 23 2 5 9 8 21 18 13 18 15 16 16 6 4 16 18 18 7 18 18 7 14 7 10 7 6 14 20 13 16 8 20 20
16 20 12 24 24 16 15 10 20 23 14 15 6 12 14 11 4 10 8 21 8 7 4 13 1 8 6 5 12 8 16 4 10 15 14 13
9 5 5 5 9 5 6 16 14 16 14 14 15 8 14 15 15 16 6 16 7 16 21 21 16 4 21 18 16 8 18 23 7 16 16 16
15 21 17 23 3 24 14 14 20 21 24 1 10 14 7 24 12 13 15 14 14 24 7 23 16 17 14 3 16 17 17 17 23 10 17 17
25 25 2 25 2 12 8 20 8 14 14 4 13 24 6 8 3 20 13 3 7 7 13 24 12 7 16 7 4 10 17 23 17 17 23 8
9 9 24 9 22 9 9 1 7 14 9 9 3 22 23 16 22 22 18 18 18 16 17 17 2 6 17 23 6 8 6 19 6 20 21 7
5 24 24 2 9 24 20 14 16 17 14 1 21 16 10 10 14 7 7 10 14 14 21 7 11 10 10 14 10 20 9 24 1 13 24 24
6 7 10 13 14 4 4 4 24 21 12 25 20 20 7 10 10 14 11 7 4 10 4 17 14 20 14 11 20 20 12 16 16 16 10 12
24 6 13 24 11 20 15 8 8 15 21 24 6 8 15 7 8 24 18 20 2 14 4 21 11 10 10 10 10 10 17 17 10 10 10 17
9 25 9 9 24 16 9 20 5 6 14 24 13 16 20 13 20 10 21 21 8 14 10 10 13 4 23 16 16 7 20 21 21 21 21 6
20 8 6 9 5 9 21 6 20 17 8 20 18 16 16 20 21 21 10 12 15 15 21 2 14 15 15 7 16 7 15 15 4 10 10 12
5 5 1 3 24 5 10 21 3 3 21 2 16 10 23 17 10 7 14 23 10 7 21 8 16 21 3 20 21 21 7 10 7 19 20 1
9 4 12 13 24 1 11 18 16 21 21 15 13 8 8 18 16 6 3 21 13 13 13 14 21 2 2 2 8 10 19 17 23 8 17 17
6 24 24 9 22 9 2 24 2 13 7 19 4 14 20 11 16 10 8 14 10 15 13 20 24 14 6 15 18 6 13 13 1 13 20 8
23 18 15 23 10 23 8 4 10 17 12 1 18 16 13 12 13 13 15 15 13 20 2 13 15 15 20 24 25 22 21 19 21 20 3 1
18 19 19 8 7 6 13 1 1 25 15 15 21 18 14 10 6 18 21 21 15 4 14 6 13 3 3 17 18 20 10 14 16 10 16 15
21 17 8 23 10 21 21 8 21 14 14 21 21 8 8 18 21 21 10 10 21 23 16 18 10 23 11 7 17 23 13 18 19 23 23 19
21 20 21 21 20 19 13 13 22 5 5 20 10 11 12 13 15 24 13 21 2 12 2 14 6 1 6 6 21 6 6 15 15 12 20 20
13 7 10 11 2 2 12 1 2 2 2 13 12 12 7 21 14 14 24 24 5 13 4 4 1 2 13 24 1 24 1 18 13 6 25 6
16 16 8 20 10 7 7 6 8 1 24 2 15 21 7 1 24 22 8 15 20 10 15 1 20 15 8 11 15 14 20 20 15 14 20 14
5 16 8 7 24 21 16 16 7 7 20 13 7 6 7 16 24 21 7 8 8 20 23 8 10 13 16 11 6 16 24 3 5 20 20 21
16 17 21 16 4 10 17 10 14 7 5 5 14 5 11 12 15 24 15 6 11 14 14 15 14 10 14 21 4 5 7 21 7 23 17 21
9 9 1 9 25 9 24 11 15 22 1 24 21 14 21 16 2 14 11 14 14 15 12 15 15 15 12 15 15 14 24 11 2 2 2 2
20 7 16 21 11 16 16 10 7 10 20 10 12 10 21 7 14 16 13 16 19 16 14 10 4 21 11 11 21 14 14 8 14 11 21 23
24 20 16 21 21 12 20 20 11 18 19 16 16 16 15 15 21 13 8 15 21 11 8 4 23 21 10 20 20 21 16 14 23 10 10 10
14 7 24 9 9 25 20 23 4 3 22 13 21 21 18 20 11 21 15 8 15 15 16 14 24 14 10 14 15 2 6 14 16 20 20 15
24 5 15 6 15 15 14 5 6 2 15 21 21 10 4 21 15 15 2 2 21 10 11 4 21 6 13 6 8 16 13 20 20 24 24 13
24 5 20 13 11 4 22 24 6 2 24 5 7 6 16 18 13 4 7 13 12 15 6 4 10 13 15 13 20 4 7 7 15 24 16 13
5 12 25 25 6 3 24 24 3 13 20 8 13 16 16 6 21 6 9 1 2 8 16 6 8 6 13 4 10 13 18 8 6 20 17 6
7 23 23 12 20 21 8 25 2 19 14 23 18 15 8 20 13 18 17 18 7 15 14 18 7 6 21 14 21 8 16 10 13 13 3 7
21 15 23 24 5 24 21 15 24 5 2 3 21 15 24 22 24 5 20 14 24 20 5 20 16 6 20 20 13 20 10 18 10 10 17 17
8 22 11 15 9 13 21 4 16 15 21 13 12 11 4 12 4 2 8 4 14 12 4 14 23 12 16 12 16 5 23 20 14 14 14 2
16 1 24 6 8 21 6 13 22 1 21 10 19 14 14 12 15 16 2 14 5 6 8 16 18 10 23 14 18 20 18 18 23 6 17 16
25 9 10 16 8 8 6 20 8 21 16 6 2 2 2 18 4 17 24 4 15 14 15 16 11 11 7 12 8 23 21 5 11 13 13 16
12 2 21 18 18 5 20 20 2 16 16 13 7 2 16 18 8 6 15 1 7 20 21 5 4 13 7 10 20 18 14 20 13 15 23 14
7 20 11 20 20 6 11 20 20 7 15 21 14 20 8 12 16 21 20 2 15 13 14 7 14 20 15 15 24 8 1 7 5 17 3 15
7 11 7 21 16 20 13 18 10 7 23 10 8 20 15 7 18 10 10 16 15 5 20 15 10 10 23 12 7 16 18 23 7 10 18 21
3 16 22 5 22 16 21 16 7 10 23 16 7 23 7 7 17 7 7 7 4 16 16 7 16 12 16 15 11 16 7 8 20 20 16 12
16 6 16 16 7 7 15 7 23 16 7 18 2 14 20 23 17 7 24 24 7 2 2 3 16 20 8 20 5 6 23 23 23 23 23 16
11 11 2 11 22 3 2 3 15 24 24 24 12 13 12 13 6 12 13 20 1 6 20 21 15 15 2 14 13 8 16 21 12 20 20 16
17 7 23 14 10 16 17 23 10 2 11 23 16 16 14 20 10 16 23 16 10 5 20 4 15 15 8 15 14 17 4 7 11 16 21 20
23 16 16 16 21 7 7 7 16 10 7 7 16 15 23 10 10 15 7 7 23 10 23 15 15 4 23 23 7 15 10 4 24 10 10 16
4 14 5 12 14 23 15 16 2 12 15 7 16 15 2 2 15 4 16 16 6 14 15 17 7 8 13 6 8 7 21 10 15 14 4 4
5 5 5 1 5 24 2 1 15 14 11 15 5 14 11 15 11 8 15 11 11 11 11 14 20 12 14 15 16 21 16 11 10 14 14 10
18 18 6 20 15 16 10 16 10 15 15 21 8 1 15 20 15 15 6 20 12 15 15 8 15 11 11 12 11 11 21 24 15 15 15 11
20 21 16 16 16 4 14 8 12 14 21 12 15 16 6 11 23 10 18 20 16 6 16 11 3 8 14 3 6 13 2 21 21 4 4 7
23 23 7 7 9 22 18 10 8 8 14 14 23 7 7 7 21 17 11 7 23 23 17 10 7 10 21 10 23 18 21 14 10 10 23 7
17 24 4 10 16 5 13 18 10 21 20 23 8 8 8 2 15 3 16 18 18 18 7 16 16 12 18 16 16 6 24 22 24 24 24 24
14 14 10 21 21 7 21 15 21 21 15 21 14 18 18 14 13 14 16 6 11 16 14 11 14 10 7 15 7 21 17 21 13 16 10 11
7 8 16 23 18 15 12 24 15 21 14 11 4 10 5 2 7 14 11 11 3 13 10 7 6 5 15 15 13 15 21 15 16 13 11 13
21 6 16 18 7 4 13 8 7 17 7 16 7 6 16 16 7 7 18 16 18 6 13 23 16 7 18 20 6 15 8 8 11 15 1 12
7 23 7 14 10 14 21 11 20 14 21 21 10 7 15 16 6 4 4 4 11 16 21 16 16 7 15 21 10 21 14 21 13 21 14 20
13 14 20 21 7 20 7 14 7 14 14 13 6 18 4 14 20 14 21 16 10 15 14 20 14 21 8 15 21 18 14 21 11 11 10 10
9 9 22 24 22 9 17 17 4 7 6 1 6 16 5 10 16 6 16 2 4 4 23 14 17 10 17 17 17 7 12 8 12 8 21 16
24 17 23 23 21 23 23 23 7 21 15 7 7 21 7 15 15 2 7 21 7 14 15 7 23 23 10 21 23 23 7 10 8 16 16 17
21 3 5 17 23 17 8 12 3 20 24 22 21 7 2 21 20 21 23 16 10 11 20 23 18 7 23 14 14 15 20 20 20 6 6 21
24 5 25 25 12 20 3 22 22 6 20 24 10 4 10 23 14 16 21 16 16 10 10 21 20 17 10 16 17 10 12 4 20 23 14 17
21 16 1 16 10 16 23 23 23 14 23 7 10 7 13 7 7 16 23 23 16 20 20 21 15 10 20 6 15 6 18 14 16 21 11 18
9 3 13 13 22 5 16 1 7 4 18 8 8 21 6 20 13 8 11 5 2 2 8 7 25 14 20 24 22 24 3 3 3 15 13 10
15 6 13 7 13 15 4 13 4 6 15 15 21 6 20 20 21 6 6 7 20 16 16 15 15 16 6 20 13 6 4 10 24 11 2 15
10 16 18 16 12 10 21 16 8 16 16 10 10 8 8 16 8 17 6 13 8 19 16 16 8 6 13 16 16 6 16 16 8 8 7 16
9 18 7 4 6 21 3 17 10 14 21 4 8 18 16 18 18 15 23 18 16 16 15 8 16 13 20 4 11 13 1 12 4 7 6 17
12 20 20 8 12 10 2 15 7 15 6 6 6 13 15 15 15 7 6 21 15 15 15 2 21 16 16 2 2 2 16 7 19 18 21 4
2 24 9 1 25 7 16 15 6 20 6 16 8 23 6 7 16 7 21 7 8 2 16 14 2 20 6 5 21 11 21 17 17 17 16 24
9 1 1 19 19 19 7 15 3 8 9 2 20 20 5 4 21 16 24 12 15 16 15 23 24 15 15 14 15 16 16 16 16 16 17 16
21 12 20 21 7 20 17 8 23 20 10 20 12 11 12 12 8 2 15 3 5 15 11 20 20 16 21 23 21 16 21 6 4 21 17 17
11 12 12 6 15 5 8 21 6 6 6 13 21 15 13 24 6 5 2 8 13 13 11 11 18 8 16 15 7 21 10 12 7 7 10 17
6 13 22 8 10 13 6 2 2 6 7 10 6 2 1 6 12 4 10 14 21 13 3 5 21 21 16 6 3 21 15 16 13 13 7 6
19 14 2 5 12 24 24 24 24 22 9 2 9 13 15 14 13 22 17 2 15 12 24 4 15 11 15 15 24 24 23 17 11 15 13 15
15 2 8 5 3 9 3 10 21 14 24 9 2 2 3 5 6 11 17 3 10 20 15 15 16 17 20 5 14 15 16 7 7 7 12 18
14 12 2 5 20 6 11 15 5 5 14 12 10 7 15 4 16 15 20 5 13 20 22 24 13 20 15 16 6 5 20 20 20 2 19 5
12 3 12 22 5 24 2 3 8 2 6 2 2 1 2 2 24 24 7 13 11 13 8 13 15 20 20 12 13 13 21 13 20 19 20 20
7 18 10 20 23 6 20 18 17 8 23 18 16 16 23 10 16 18 6 19 8 19 18 20 20 8 2 20 3 2 11 4 20 15 15 1
15 4 13 15 8 13 16 21 15 16 21 16 19 20 16 19 21 1 2 14 15 16 7 15 7 6 1 6 7 8 13 11 2 1 6 1
14 20 20 14 14 13 7 12 6 11 4 21 2 3 2 2 5 25 15 24 21 24 15 15 5 5 3 21 5 24 21 6 2 6 12 3
15 7 6 15 19 24 5 15 15 2 11 6 6 3 3 24 1 13 2 2 2 1 2 2 12 2 6 6 22 8 4 4 16 16 16 25
8 19 20 18 15 16 15 15 18 1 15 16 14 2 2 24 1 1 6 15 24 13 8 8 4 6 2 11 10 6 18 6 2 8 20 24
5 10 16 16 13 17 12 24 24 16 11 11 12 5 12 16 12 10 16 12 6 15 1 11 6 15 4 16 4 7 20 7 20 15 20 7
3 3 8 8 7 14 3 2 21 6 6 24 2 6 24 24 12 1 2 1 24 24 1 13 1 21 19 15 11 16 1 24 13 6 11 6
6 20 5 3 3 9 6 23 4 12 14 5 22 5 17 17 17 24 3 6 21 5 17 24 6 20 15 24 5 5 22 13 5 24 20 4
18 5 25 19 14 15 12 3 2 21 2 24 21 20 11 6 24 3 12 15 7 21 20 6 21 16 13 16 12 5 2 2 5 20 5 14
16 8 2 4 2 12 24 12 13 2 2 2 16 7 8 11 15 21 16 15 3 2 2 2 5 16 8 13 15 2 2 12 20 2 24 4
2 2 3 3 3 24 6 6 16 6 7 13 6 2 8 2 6 2 17 7 20 2 8 4 16 6 7 6 2 16 20 15 25 15 24 5
12 17 4 7 23 16 12 16 7 16 16 7 12 12 22 10 16 21 4 15 24 13 7 1 6 16 16 10 10 15 18 12 12 20 7 6
7 2 14 15 15 24 6 20 10 11 10 15 16 14 23 7 10 21 20 5 8 2 20 20 20 20 15 10 11 15 16 11 3 20 4 14
21 8 21 16 1 15 24 13 15 2 5 24 2 20 20 20 24 15 5 20 6 4 19 19 21 7 5 4 7 7 7 19 13 8 20 8
6 24 21 24 3 3 6 1 23 9 24 3 2 9 18 24 1 2 24 2 19 24 2 3 7 20 20 19 13 12 16 16 13 13 4 13
24 24 24 22 22 5 24 2 5 12 13 24 14 2 24 24 5 2 5 22 24 20 24 11 15 5 20 24 5 13 7 12 11 13 20 5
6 18 7 13 22 24 6 4 13 24 24 15 15 15 13 14 20 15 21 20 13 20 20 15 12 6 20 20 2 11 23 18 18 18 4 16
24 5 5 24 7 15 22 24 24 9 2 24 24 24 22 24 23 8 5 21 20 6 10 17 24 12 20 21 17 21 20 14 5 20 16 7
3 20 2 19 19 2 24 6 14 12 7 16 24 22 22 7 16 22 22 2 2 9 19 24 22 15 23 9 19 15 22 14 20 13 10 20
15 6 7 7 24 8 15 15 16 4 8 12 24 24 24 15 15 1 6 13 13 6 15 8 5 13 13 11 19 20 18 7 15 4 6 24
6 16 10 5 7 3 24 5 20 24 7 20 8 2 2 13 4 6 21 15 2 15 10 17 8 8 2 24 17 23 21 13 2 24 15 15
10 7 4 15 4 15 15 16 15 15 11 16 6 24 16 2 15 16 6 15 15 15 15 4 3 6 6 7 24 10 15 6 16 15 16 13
9 9 9 9 9 9 1 24 8 21 9 9 14 15 21 11 8 15 7 15 11 14 14 14 14 10 14 11 14 21 17 4 16 11 14 4
21 23 23 10 10 10 10 10 14 10 20 12 10 7 5 20 21 5 7 10 10 14 23 14 14 16 23 21 10 14 14 10 10 10 16 10
5 5 20 13 22 15 20 10 20 19 11 16 8 8 20 11 16 10 16 20 16 16 8 16 7 14 10 17 10 7 5 7 13 13 21 16
4 4 17 4 7 10 7 17 14 20 8 16 13 20 20 20 14 4 20 20 24 24 24 4 24 24 7 8 7 21 4 19 21 21 21 20
24 2 9 5 9 9 1 6 8 20 20 8 8 20 2 24 15 14 6 6 6 16 10 21 4 6 20 10 17 10 2 5 20 2 20 3
9 22 9 9 22 9 9 9 9 9 9 9 8 20 13 20 20 13 8 6 13 6 18 13 8 15 13 16 12 21 7 2 14 23 2 7
9 2 22 2 17 6 7 4 10 7 7 7 4 10 21 7 16 7 14 7 16 15 7 23 7 16 21 21 8 7 6 4 17 18 16 7
23 10 8 19 23 17 6 19 19 1 24 24 24 6 8 7 21 21 4 15 16 14 15 15 4 6 14 14 15 15 4 4 11 12 12 11
4 16 9 17 24 6 4 10 8 7 14 16 24 22 20 7 20 20 8 11 10 20 17 21 15 15 23 15 2 6 10 11 8 15 21 2
1 8 8 12 10 7 20 7 23 6 10 10 10 20 19 7 16 16 16 5 11 5 11 8 20 14 7 20 4 12 20 4 21 8 23 16
25 25 25 25 25 19 25 5 22 25 25 9 9 24 5 15 15 6 2 2 6 20 6 10 20 11 20 20 2 21 18 19 19 16 23 18
6 7 13 18 17 17 9 24 20 16 16 7 5 8 14 2 2 16 24 15 14 2 7 15 13 5 5 5 4 15 21 20 11 20 21 14
12 5 15 15 2 24 2 24 15 7 15 22 16 15 14 7 2 13 13 13 5 5 2 5 20 22 24 24 24 11 7 8 2 20 8 2
25 9 8 24 24 9 9 21 16 8 8 2 7 21 11 20 16 21 16 20 11 11 10 7 1 3 3 2 2 20 10 16 19 23 16 23
3 8 25 12 21 3 2 4 20 20 20 2 7 16 16 17 20 8 14 14 20 20 15 15 4 15 2 2 7 7 8 14 13 24 1 5
6 1 2 12 7 7 15 6 16 13 16 15 21 13 18 7 16 6 20 12 12 20 12 19 13 6 24 13 16 20 21 11 12 21 20 20
21 4 4 20 13 23 10 10 15 15 17 16 15 21 14 20 23 15 16 23 11 8 23 10 21 20 20 24 15 20 20 16 4 14 19 22
24 5 15 13 22 5 10 23 11 21 20 21 7 6 14 20 14 21 7 14 24 15 14 15 10 16 21 14 6 2 12 20 20 11 11 6
7 9 2 6 21 22 24 9 24 5 22 9 16 21 23 21 2 21 2 20 8 7 7 21 21 10 19 23 14 16 5 7 11 12 15 15
17 17 17 17 17 23 1 8 15 15 2 17 3 23 7 11 15 15 14 2 2 2 6 20 8 7 8 8 16 15 8 25 21 11 8 21
18 24 3 24 24 9 6 21 7 21 16 20 21 7 21 21 10 14 5 6 3 9 5 24 9 9 5 1 6 19 20 11 7 20 20 4
20 20 6 1 1 5 5 15 11 12 9 1 21 2 2 5 24 9 8 22 24 1 3 1 15 20 7 6 13 20 21 18 18 14 6 1
25 25 9 2 16 1 4 5 18 15 24 14 7 10 23 14 7 10 10 7 7 10 16 16 20 20 14 14 20 20 16 10 10 4 20 16
20 14 12 10 15 15 15 12 12 14 11 4 22 5 5 5 20 12 16 2 16 4 16 21 21 20 10 10 10 21 10 10 23 23 7 11
9 12 25 9 22 1 1 2 1 8 8 6 6 14 14 13 15 7 1 6 5 15 15 21 14 2 24 13 14 14 3 25 20 6 25 6
19 19 4 13 15 4 13 6 20 21 13 13 12 11 11 15 2 6 16 8 21 7 7 7 15 21 21 11 7 15 21 21 21 14 21 16
7 4 7 10 7 7 23 10 10 16 21 21 25 12 20 21 5 12 16 20 15 10 2 4 16 15 4 7 4 4 15 12 12 10 22 12
15 15 14 24 14 21 4 15 20 7 21 6 6 13 19 7 21 5 15 15 15 2 24 12 3 13 2 1 15 12 7 15 15 21 10 4
20 21 21 21 16 3 15 21 15 15 15 22 11 5 17 10 15 13 13 15 20 15 16 20 20 2 11 21 20 13 20 6 6 15 5 21
11 20 12 16 10 10 21 15 15 2 21 16 11 23 10 16 16 14 10 10 21 13 16 21 14 16 21 14 13 7 11 16 16 20 11 20
23 4 13 16 20 2 15 16 13 4 4 14 15 16 18 16 15 4 16 21 15 4 16 15 21 24 6 16 21 20 21 20 14 20 3 20
13 8 6 24 13 1 10 13 12 1 24 1 16 18 8 20 21 13 21 16 23 2 4 6 8 16 6 11 23 6 16 14 7 8 14 15
9 24 24 24 24 7 7 16 8 20 12 7 20 20 14 14 21 23 21 21 20 20 14 10 18 10 21 20 11 23 13 11 13 8 2 13
13 15 16 16 23 3 10 11 10 14 16 5 10 18 10 17 10 15 7 10 23 10 14 14 10 6 11 7 14 2 5 5 22 12 12 13
7 18 4 16 7 18 7 7 7 7 18 7 21 23 2 2 2 20 14 23 15 11 10 4 23 7 18 4 21 6 8 15 5 13 16 16
18 7 18 18 16 16 18 20 18 8 18 8 15 6 16 7 23 7 21 6 13 6 23 18 15 15 11 13 13 3 21 12 12 15 12 15
23 13 15 6 14 15 16 8 8 8 14 12 2 20 21 18 8 15 6 10 15 15 18 6 21 15 21 11 15 6 6 3 24 15 19 17
13 13 8 17 17 20 14 20 24 20 6 12 15 21 4 20 8 24 15 15 15 20 15 15 20 3 13 3 20 8 21 18 16 6 18 2
18 8 2 8 16 13 18 1 4 16 23 7 4 16 21 18 17 17 19 7 8 16 20 18 19 23 20 13 3 8 17 23 14 20 10 19
13 13 12 20 10 16 13 10 23 19 10 4 5 10 17 21 12 12 21 16 6 20 20 20 13 5 3 3 20 13 19 5 15 24 21 10
23 23 4 24 2 15 23 23 4 13 20 20 10 15 16 20 15 14 8 13 13 21 10 10 20 3 6 21 5 24 15 12 6 1 13 11
10 15 15 21 20 15 23 14 7 10 6 15 23 10 7 16 6 2 8 14 21 15 7 14 12 13 20 3 2 20 4 21 10 8 14 8
14 8 15 21 15 21 10 13 10 21 7 21 15 15 6 10 23 21 5 20 10 15 21 21 23 14 16 11 11 8 8 14 24 7 23 23
21 2 11 14 11 23 8 12 15 12 11 21 15 13 16 14 8 6 16 6 2 11 2 6 6 4 4 18 6 4 19 2 4 7 10 4
16 23 18 7 16 10 16 10 10 4 17 10 7 16 16 18 16 16 13 8 8 6 18 20 19 5 24 6 15 5 4 18 16 19 4 17
21 5 7 21 14 24 16 11 16 16 6 15 15 10 11 15 5 21 16 10 13 8 14 14 7 8 7 21 2 24 4 21 15 11 23 17
7 18 15 8 13 8 20 6 12 6 16 16 6 18 19 13 11 7 16 20 11 16 18 4 5 13 13 1 1 6 24 6 4 16 16 18
15 14 20 7 16 21 10 14 14 21 10 7 15 21 14 2 7 2 21 7 14 8 21 15 7 18 16 17 17 10 17 17 4 7 7 18
14 21 15 21 2 14 24 15 13 20 5 14 24 15 24 24 15 23 20 14 21 20 21 21 24 5 13 11 13 3 18 7 5 7 23 17
24 18 15 7 23 21 9 18 16 15 15 6 7 7 18 21 2 20 16 15 20 4 20 8 21 25 21 6 22 2 17 15 15 21 15 24
7 14 8 18 18 4 17 15 15 8 7 10 7 21 21 21 21 23 7 15 21 15 10 4 16 20 21 20 16 1 2 19 19 4 19 5
16 11 15 21 13 12 24 12 24 24 24 15 8 4 15 16 20 15 7 15 21 16 11 13 8 13 13 20 20 20 14 14 16 4 10 10
18 1 6 5 20 15 18 1 1 13 20 20 8 20 13 21 8 21 15 16 23 8 20 16 8 6 20 5 13 11 19 19 19 7 19 4
6 16 15 15 13 12 8 15 15 7 7 7 15 21 8 21 10 15 15 8 15 15 23 23 7 14 8 21 10 23 14 20 14 8 21 3
17 20 17 24 15 18 17 24 24 4 21 17 23 24 12 10 15 7 20 13 6 12 7 18 10 16 7 23 10 23 20 20 17 19 20 7
6 21 7 6 6 2 2 2 15 2 16 7 7 6 7 16 10 18 4 15 6 2 12 24 15 13 15 19 6 18 20 11 20 2 6 8
24 18 4 11 7 20 24 7 16 16 11 16 2 24 1 24 14 15 10 23 20 10 21 7 19 13 11 14 7 19 4 16 7 7 23 16
19 19 9 24 5 9 2 20 7 23 18 2 12 18 17 7 7 17 23 23 23 4 10 16 8 16 20 2 10 20 17 10 23 23 15 4
3 12 6 24 4 7 12 11 24 19 19 2 7 7 8 15 8 21 13 8 16 16 23 10 18 18 6 8 7 7 20 21 13 4 11 4
9 22 3 7 8 24 5 24 13 4 16 24 16 18 18 8 7 15 23 21 16 6 15 21 13 13 8 18 20 6 23 23 11 18 8 12
6 15 15 15 13 13 7 15 9 3 24 21 24 3 8 20 11 6 12 20 17 16 16 16 13 12 20 16 21 20 4 17 16 17 11 7
24 3 3 2 15 13 13 20 12 5 2 5 24 13 16 21 3 5 24 6 10 3 2 15 21 15 13 2 21 15 20 16 20 13 11 18
4 3 14 14 20 20 21 14 5 8 4 12 13 21 2 15 13 2 14 7 13 7 13 15 16 13 13 13 14 15 5 3 21 3 13 1
1 15 21 21 6 18 2 12 11 24 2 12 15 8 6 24 20 8 6 15 5 24 24 12 15 12 12 13 13 20 11 7 4 16 16 23
18 6 18 21 7 23 14 8 20 18 20 1 12 21 12 16 14 15 8 8 16 6 14 15 21 14 16 13 16 1 6 13 8 6 5 13
9 22 24 24 24 5 22 22 22 22 22 9 9 24 15 15 9 22 15 15 6 20 22 9 8 19 12 6 8 13 13 2 21 1 7 10
19 24 2 2 9 13 19 24 21 11 24 19 19 9 22 22 22 15 4 24 2 6 9 19 14 24 5 14 9 19 3 13 15 11 22 15
15 15 6 1 6 15 1 6 21 6 16 4 8 18 12 15 13 6 2 2 15 24 13 8 7 8 22 21 15 3 7 8 7 2 15 23
21 2 7 20 8 7 15 24 6 24 2 1 18 13 18 6 7 6 24 13 15 24 7 20 20 6 15 13 8 1 21 13 15 11 15 16
21 15 8 6 21 15 15 15 15 13 15 4 15 5 12 15 4 15 12 20 4 12 6 6 23 14 4 21 14 8 2 7 14 2 14 20
16 15 4 15 15 8 4 8 7 15 7 15 2 12 4 15 15 2 14 6 14 14 6 2 14 14 14 8 15 13 19 14 15 14 21 14
9 14 15 1 2 1 24 19 13 22 24 9 3 8 10 2 24 24 6 6 13 2 9 5 2 12 10 14 2 2 16 7 21 10 10 7
24 9 17 3 15 15 14 15 2 13 15 5 14 18 18 15 15 15 20 14 4 21 15 2 11 20 20 21 7 21 6 16 16 15 16 23
14 21 19 21 14 10 10 7 11 10 14 15 14 14 11 21 15 21 4 20 6 21 6 18 2 15 13 6 21 13 4 15 15 10 7 10
9 9 12 10 15 16 9 15 17 15 15 15 8 10 10 16 15 15 18 4 10 14 7 20 7 16 16 4 12 16 8 18 13 8 20 12
2 21 24 1 21 7 18 16 20 16 7 17 16 10 15 10 16 7 10 17 23 16 13 11 16 3 5 24 23 4 7 15 21 15 10 16
18 7 6 16 5 9 15 7 7 17 17 5 16 15 17 18 18 17 20 16 4 16 17 7 13 18 16 7 16 10 14 20 4 20 4 18
17 23 7 7 23 8 14 13 11 21 7 21 21 5 15 20 14 20 15 2 15 3 7 13 4 23 5 8 16 7 16 8 8 20 10 21
1 16 20 20 16 12 17 16 16 18 8 16 20 18 7 6 8 20 6 18 13 1 18 4 18 18 6 18 6 2 8 18 18 6 23 18
8 8 7 2 22 13 24 12 24 18 15 8 16 18 24 11 18 23 15 24 24 7 7 23 24 24 24 2 7 21 11 16 16 16 21 8
24 9 9 5 5 20 12 24 1 12 24 2 21 19 13 21 16 14 8 12 13 15 5 21 6 4 21 14 13 20 17 16 18 18 17 18
17 17 23 15 12 24 21 8 6 16 15 6 21 21 1 14 14 15 24 15 24 20 2 24 4 12 21 21 20 11 21 20 6 8 7 6
24 6 9 11 1 8 16 14 20 6 20 12 11 6 8 8 13 21 14 11 8 2 6 8 3 9 6 4 8 21 15 1 23 17 18 2
17 16 17 10 16 12 7 4 16 13 21 10 14 4 14 10 15 21 2 2 2 21 7 2 20 10 10 23 21 21 20 6 6 13 21 15
23 23 14 14 10 10 21 13 20 19 20 10 7 12 12 13 20 8 7 21 21 6 2 7 16 17 16 7 10 23 11 10 20 8 14 21
23 23 23 13 23 17 23 21 14 14 19 21 19 14 2 20 14 16 7 4 16 6 16 1 16 23 10 7 10 20 12 20 8 14 14 4
16 8 17 7 10 17 23 23 10 14 21 18 23 23 3 8 20 10 21 23 2 24 7 15 4 18 14 7 16 4 10 18 16 14 16 16
17 20 6 2 20 5 10 10 10 15 10 21 18 10 4 14 4 15 4 14 15 14 7 6 4 21 15 21 18 16 2 19 10 7 16 7
16 16 11 16 17 18 16 23 12 18 17 10 2 24 6 23 23 16 15 15 15 7 21 10 11 15 17 20 12 15 6 14 21 11 21 20
6 1 6 19 25 25 8 5 5 6 5 5 15 7 10 16 6 21 16 13 7 15 6 7 10 16 13 21 7 19 5 21 8 7 6 10
16 23 17 11 18 21 10 4 13 13 14 20 15 14 10 14 14 10 14 7 17 10 6 18 16 16 4 23 8 16 4 14 4 8 11 4
6 20 20 6 21 11 5 5 5 5 5 2 2 24 2 24 13 6 16 11 11 11 11 14 2 12 15 15 25 16 2 20 20 20 2 14
20 3 1 5 14 13 15 20 20 21 20 14 12 18 8 20 3 16 23 11 20 20 20 10 16 7 12 7 20 7 14 20 19 19 10 19
20 14 13 11 12 16 15 17 12 8 20 6 7 20 8 20 13 6 20 14 12 4 18 10 10 14 21 6 12 20 21 10 14 10 21 16
7 11 18 7 10 17 13 8 20 12 8 19 21 21 11 14 11 4 2 21 14 2 7 15 21 15 11 7 18 13 20 20 8 20 6 6
